rank	molecularFormula	adduct	precursorFormula	SiriusScore	TreeScore	IsotopeScore	numExplainedPeaks	explainedIntensity	medianMassErrorFragmentPeaks(ppm)	medianAbsoluteMassErrorFragmentPeaks(ppm)	massErrorPrecursor(ppm)
1	C5H4N4O	[M + H]+	C5H4N4O	40.26407101142574	40.26407101142574	0.0	9	1.0	-2.618886155215436	3.7325498259870913	0.032294946138747296
