rank	molecularFormula	adduct	precursorFormula	SiriusScore	TreeScore	IsotopeScore	numExplainedPeaks	explainedIntensity	medianMassErrorFragmentPeaks(ppm)	medianAbsoluteMassErrorFragmentPeaks(ppm)	massErrorPrecursor(ppm)	ionMass	retentionTimeInSeconds	id
1	C15H18O4	[M + H3N + H]+	C15H21NO4	142.9270475452011	142.9270475452011	0.0	51	0.9662832557731141	19.54424631248967	20.730499193434795	-0.016225594269822265	280.15433	NaN	0_unknown_
