rank	molecularFormula	adduct	precursorFormula	SiriusScore	TreeScore	IsotopeScore	numExplainedPeaks	explainedIntensity	medianMassErrorFragmentPeaks(ppm)	medianAbsoluteMassErrorFragmentPeaks(ppm)	massErrorPrecursor(ppm)	ionMass	retentionTimeInSeconds	id
1	C25H45N5O10	[M + H]+	C25H45N5O10	71.59958432348422	71.59958432348422	0.0	49	0.9503858154438288	-5.2676593513285015	11.230130728507701	0.00794016908958279	576.32392	NaN	0_unknown_
