mz	intensity	rel.intensity	exactmass	formula	ionization
132.110000	0.00	0.00	131.057695	C5H9NO3	[M + ?]+
