rank	molecularFormula	adduct	precursorFormula	SiriusScore	TreeScore	IsotopeScore	numExplainedPeaks	explainedIntensity	medianMassErrorFragmentPeaks(ppm)	medianAbsoluteMassErrorFragmentPeaks(ppm)	massErrorPrecursor(ppm)	ionMass	retentionTimeInSeconds	id
1	C23H30O4	[M + H]+	C23H30O4	117.10541047309901	117.10541047309901	0.0	43	0.7892092836330757	-11.040017578490186	19.258572756957932	0.012265149330734509	371.22169	NaN	0_unknown_
