rank	molecularFormula	adduct	precursorFormula	SiriusScore	TreeScore	IsotopeScore	numExplainedPeaks	explainedIntensity	medianMassErrorFragmentPeaks(ppm)	medianAbsoluteMassErrorFragmentPeaks(ppm)	massErrorPrecursor(ppm)
1	C22H22O11	[M + H]+	C22H22O11	46.36136565861639	46.36136565861639	0.0	40	0.8483773718744458	-6.0337303629783925	15.237703215442629	0.009820791964456113
