rank	molecularFormula	adduct	precursorFormula	SiriusScore	TreeScore	IsotopeScore	numExplainedPeaks	explainedIntensity	medianMassErrorFragmentPeaks(ppm)	medianAbsoluteMassErrorFragmentPeaks(ppm)	massErrorPrecursor(ppm)
1	C33H38O16	[M + Na]+	C33H38O16	65.39384275465713	65.39384275465713	0.0	40	0.7459893048128341	0.8872196290465307	6.096793178668894	4.2311741928319934E-4
