mz	intensity	rel.intensity	exactmass	formula	ionization
115.055244	460.00	9.06	115.051821	C7H8	[M + Na]+
116.063036	45.00	0.89	116.059646	C7H9	[M + Na]+
117.061447	124.00	2.44	117.067471	C7H10	[M + Na]+
118.042838	583.00	11.48	118.038911	C6H7O	[M + Na]+
119.049710	72.00	1.42	119.046736	C6H8O	[M + Na]+
119.086060	146.00	2.88	119.083121	C7H12	[M + Na]+
121.066583	94.00	1.85	121.062386	C6H10O	[M + Na]+
127.050942	112.00	2.21	127.051821	C8H8	[M + Na]+
128.059963	155.00	3.05	128.059646	C8H9	[M + Na]+
129.024015	162.00	3.19	129.031086	C7H6O	[M + Na]+
131.047058	1315.00	25.90	131.046736	C7H8O	[M + Na]+
133.028201	73.00	1.44	133.026000	C6H6O2	[M + Na]+
133.063241	84.00	1.65	133.062386	C7H10O	[M + Na]+
146.035850	208.00	4.10	146.033825	C7H7O2	[M + Na]+
125.061299	385.00	7.58	125.059706	C7H8O2	[M + H]+
147.046211	121.00	2.38	147.041650	C7H8O2	[M + Na]+
149.058254	105.00	2.07	149.057300	C7H10O2	[M + Na]+
151.061087	44.00	0.87	151.051821	C10H8	[M + Na]+
130.064306	46.00	0.91	130.062446	C6H9O3	[M + H]+
152.062089	149.00	2.93	152.059646	C10H9	[M + Na]+
153.067590	57.00	1.12	153.067471	C10H10	[M + Na]+
154.069132	90.00	1.77	154.075296	C10H11	[M + Na]+
159.044199	1046.00	20.60	159.041650	C8H8O2	[M + Na]+
162.055474	51.00	1.00	162.065125	C8H11O2	[M + Na]+
167.072001	40.00	0.79	167.067865	C7H12O3	[M + Na]+
148.052913	64.00	1.26	148.051881	C9H7O2	[M + H]+
173.049180	186.00	3.66	173.057300	C9H10O2	[M + Na]+
174.029971	722.00	14.22	174.028740	C8H7O3	[M + Na]+
175.040733	114.00	2.25	175.036565	C8H8O3	[M + Na]+
176.045324	1757.00	34.61	176.044390	C8H9O3	[M + Na]+
177.052806	232.00	4.57	177.052215	C8H10O3	[M + Na]+
155.067823	39.00	0.77	155.070271	C8H10O3	[M + H]+
156.078305	43.00	0.85	156.078096	C8H11O3	[M + H]+
163.067175	96.00	1.89	163.075356	C10H10O2	[M + H]+
189.054033	550.00	10.83	189.052215	C9H10O3	[M + Na]+
190.058835	149.00	2.93	190.060040	C9H11O3	[M + Na]+
191.073076	464.00	9.14	191.067865	C9H12O3	[M + Na]+
201.048541	44.00	0.87	201.052215	C10H10O3	[M + Na]+
180.079310	36.00	0.71	180.078096	C10H11O3	[M + H]+
181.087692	49.00	0.97	181.085921	C10H12O3	[M + H]+
204.041816	657.00	12.94	204.039304	C9H9O4	[M + Na]+
219.064468	1429.00	28.15	219.062780	C10H12O4	[M + Na]+
