rank	molecularFormula	adduct	precursorFormula	SiriusScore	TreeScore	IsotopeScore	numExplainedPeaks	explainedIntensity	medianMassErrorFragmentPeaks(ppm)	medianAbsoluteMassErrorFragmentPeaks(ppm)	massErrorPrecursor(ppm)
1	C16H24O9	[M + H]+	C16H24O9	58.826201977047404	58.826201977047404	0.0	39	0.8311959855032061	-1.0758922288929267	20.825464349747072	0.012597447436932764
