mz	intensity	rel.intensity	exactmass	formula	ionization
57.032500	3.78	3.78	57.033491	C3H4O	[M + H]+
59.049000	1.00	1.00	59.049141	C3H6O	[M + H]+
61.027100	1.65	1.65	61.028406	C2H4O2	[M + H]+
69.032300	3.49	3.49	69.033491	C4H4O	[M + H]+
70.028300	5.03	5.03	70.028740	C3H3NO	[M + H]+
71.012200	1.63	1.63	71.012756	C3H2O2	[M + H]+
73.027700	6.37	6.37	73.028406	C3H4O2	[M + H]+
85.027900	3.28	3.28	85.028406	C4H4O2	[M + H]+
87.043100	3.08	3.08	87.044056	C4H6O2	[M + H]+
95.024200	0.72	0.72	95.023989	C4H2N2O	[M + H]+
96.007900	2.05	2.05	96.008005	C4HNO2	[M + H]+
97.028700	2.08	2.08	97.028406	C5H4O2	[M + H]+
103.039400	0.98	0.98	103.038971	C4H6O3	[M + H]+
113.034400	100.00	100.00	113.034554	C4H4N2O2	[M + H]+
115.038800	2.68	2.68	115.038971	C5H6O3	[M + H]+
133.052200	1.32	1.32	133.049535	C5H8O4	[M + H]+
245.076800	0.00	0.00	245.076813	C9H12N2O6	[M + H]+
