rank	molecularFormula	adduct	precursorFormula	SiriusScore	TreeScore	IsotopeScore	numExplainedPeaks	explainedIntensity	medianMassErrorFragmentPeaks(ppm)	medianAbsoluteMassErrorFragmentPeaks(ppm)	massErrorPrecursor(ppm)
1	C22H18O11	[M + H]+	C22H18O11	50.471886778144494	50.471886778144494	0.0	20	0.9109778936396833	-2.48904855470736	3.5056783787664596	0.0264694313236751
